 169 169 170 171 171 176 178 178 179 184 184 181 184 186 186 184
 172 174 175 176 175 181 180 138 134 185 187 186 187 186 185 187
 174 174 179 179 177 179 148  40  34 147 187 186 188 190 190 190
 177 178 180 178 179 181  61  74  84  59 188 189 190 190 192 192
 180 180 180 183 185 152  35 156 166  35 150 192 192 194 193 191
 181 181 182 183 186 119  68 184 189  65 110 191 193 194 194 194
 185 185 186 185 187 120  82 188 192  84  95 196 197 196 196 193
 185 189 189 188 190 102  61  87  86  59  83 199 196 197 200 199
 187 187 189 171  81  41  46 114 119  65  46  90 177 199 200 196
 190 189 159  60  66 120  41 166 166  51 126  67  69 181 202 205
 192 184  65  87 192 197  75  90  82  89 202 192  83  83 198 206
 192 121  71 187 196 198 130  41  48 151 204 206 196  65 155 208
 194  67 118 167 138  76  50  89  81  55  99 153 173 120  88 208
 182  90  48  53  62  97 162 207 207 153  99  57  64  76 115 213
 196 197 200 204 201 202 207 209 210 208 209 211 213 208 209 212
 183 178 176 174 170 174 175 173 174 179 179 176 180 179 177 175
 169 170 171 171 172 174 176 178 179 182 183 183 184 185 186 188
 170 170 171 172 172 174 175 122 124 181 183 185 186 185 186 186
 169 171 171 173 175 174 132  19  22 136 181 183 184 185 186 187
 171 172 174 175 175 177  38  65  72  41 182 183 184 185 186 187
 172 173 174 175 175 139  21 151 155  22 138 185 185 185 187 187
 174 174 175 176 175  98  54 181 181  48  99 184 185 186 186 187
 175 177 176 179 177  97  69 182 182  63  82 185 186 187 187 187
 175 177 177 179 178  74  44  66  70  36  67 188 186 187 188 191
 177 178 179 154  57  22  32 102 104  42  27  61 163 188 188 187
 178 180 141  32  54 101  23 155 149  26 109  48  41 164 189 191
 179 167  37  71 182 186  54  68  54  71 189 179  59  55 183 192
 180  90  55 177 184 187 102  25  26 133 190 191 180  40 131 193
 180  38 102 150 117  51  27  67  60  32  75 130 154  96  63 196
 165  64  26  30  37  77 143 189 189 134  74  32  32  45  88 196
 184 184 184 186 187 187 189 190 191 192 190 192 194 192 193 196
 171 164 164 158 155 157 158 158 157 163 161 160 159 161 159 156
 188 189 191 191 191 194 194 197 198 203 204 205 205 206 208 208
 188 189 189 190 190 193 194 133 139 200 203 204 205 206 207 207
 186 188 189 191 192 192 146  22  29 153 201 203 203 205 206 208
 188 188 188 190 192 191  42  75  83  51 200 200 202 204 206 206
 189 188 189 190 191 150  26 167 170  28 154 198 200 203 204 204
 188 187 188 192 191 105  62 193 193  56 108 198 199 201 203 203
 188 187 190 191 190 103  80 193 194  72  91 196 199 199 201 198
 186 188 189 189 189  78  52  70  74  42  77 198 197 198 198 203
 186 187 187 160  57  21  34 107 108  48  32  71 174 198 197 198
 187 187 147  32  56 107  25 166 155  29 117  53  45 171 199 202
 186 171  35  73 190 193  55  74  57  77 196 185  62  63 191 200
 186  89  56 182 189 192 105  24  29 141 196 196 185  43 136 200
 184  37 107 152 117  47  23  65  57  33  81 140 159  98  62 199
 167  61  23  24  32  76 145 194 192 135  71  29  31  44  89 200
 185 185 186 188 189 191 192 192 192 192 193 193 195 192 194 198
 171 166 165 162 159 158 160 162 159 165 162 162 160 162 163 159

 184 187 190 192 191 194 193 199 196 205 206 208 208 213 212 175
 186 185 190 192 193 194 196 200 200 202 198 155  88 115 209 177
 186 186 190 190 194 194 196 197 199 181  83  65 120  76 208 179
 184 187 188 190 192 193 197 196 177  69  83 196 173  64 213 180
 181 186 186 189 192 191 196 199  90  67 192 206 153  57 211 176
 184 187 187 188 150 110  95  83  46 126 202 204  99  99 209 179
 184 185 147  59  35  65  84  59  65  51  89 151  55 153 208 179
 179 134  34  84 166 189 192  86 119 166  82  48  81 207 210 174
 178 138  40  74 156 184 188  87 114 166  90  41  89 207 209 173
 178 180 148  61  35  68  82  61  46  41  75 130  50 162 207 175
 176 181 179 181 152 119 120 102  41 120 197 198  76  97 202 174
 171 175 177 179 185 186 187 190  81  66 192 196 138  62 201 170
 171 176 179 178 183 183 185 188 171  60  87 187 167  53 204 174
 170 175 179 180 180 182 186 189 189 159  65  71 118  48 200 176
 169 174 174 178 180 181 185 189 187 189 184 121  67  90 197 178
 169 172 174 177 180 181 185 185 187 190 192 192 194 182 196 183
 188 186 187 187 187 187 187 191 187 191 192 193 196 196 196 156
 186 186 186 186 187 186 187 188 188 189 183 131  63  88 193 159
 185 185 185 185 185 186 187 187 188 164  55  40  96  45 192 161
 184 186 184 184 185 185 186 186 163  41  59 180 154  32 194 159
 183 185 183 183 185 184 185 188  61  48 179 191 130  32 192 160
 183 183 181 182 138  99  82  67  27 109 189 190  75  74 190 161
 182 181 136  41  22  48  63  36  42  26  71 133  32 134 192 163
 179 124  22  72 155 181 182  70 104 149  54  26  60 189 191 157
 178 122  19  65 151 181 182  66 102 155  68  25  67 189 190 158
 176 175 132  38  21  54  69  44  32  23  54 102  27 143 189 158
 174 174 174 177 139  98  97  74  22 101 186 187  51  77 187 157
 172 172 175 175 175 175 177 178  57  54 182 184 117  37 187 155
 171 172 173 175 175 176 179 179 154  32  71 177 150  30 186 158
 171 171 171 174 174 175 176 177 179 141  37  55 102  26 184 164
 170 170 171 172 173 174 177 177 178 180 167  90  38  64 184 164
 169 170 169 171 172 174 175 175 177 178 179 180 180 165 184 171
 208 207 208 206 204 203 198 203 198 202 200 200 199 200 198 159
 208 207 206 206 204 203 201 198 197 199 191 136  62  89 194 163
 206 206 205 204 203 201 199 198 198 171  63  43  98  44 192 162
 205 205 203 202 200 199 199 197 174  45  62 185 159  31 195 160
 205 204 203 200 198 198 196 198  71  53 185 196 140  29 193 162
 204 203 201 200 154 108  91  77  32 117 196 196  81  71 193 162
 203 200 153  51  28  56  72  42  48  29  77 141  33 135 192 165
 198 139  29  83 170 193 194  74 108 155  57  29  57 192 192 159
 197 133  22  75 167 193 193  70 107 166  74  24  65 194 192 162
 194 194 146  42  26  62  80  52  34  25  55 105  23 145 192 160
 194 193 192 191 150 105 103  78  21 107 193 192  47  76 191 158
 191 190 192 192 191 191 190 189  57  56 190 189 117  32 189 159
 191 190 191 190 190 192 191 189 160  32  73 182 152  24 188 162
 191 189 189 188 189 188 190 189 187 147  35  56 107  23 186 165
 189 189 188 188 188 187 187 188 187 187 171  89  37  61 185 166
 188 188 186 188 189 188 188 186 186 187 186 186 184 167 185 171

 175 177 179 180 176 179 179 174 173 175 174 170 174 176 178 183
 212 209 208 213 211 209 208 210 209 207 202 201 204 200 197 196
 213 115  76  64  57  99 153 207 207 162  97  62  53  48  90 182
 208  88 120 173 153  99  55  81  89  50  76 138 167 118  67 194
 208 155  65 196 206 204 151  48  41 130 198 196 187  71 121 192
 206 198  83  83 192 202  89  82  90  75 197 192  87  65 184 192
 205 202 181  69  67 126  51 166 166  41 120  66  60 159 189 190
 196 200 199 177  90  46  65 119 114  46  41  81 171 189 187 187
 199 200 197 196 199  83  59  86  87  61 102 190 188 189 189 185
 193 196 196 197 196  95  84 192 188  82 120 187 185 186 185 185
 194 194 194 193 191 110  65 189 184  68 119 186 183 182 181 181
 191 193 194 192 192 150  35 166 156  35 152 185 183 180 180 180
 192 192 190 190 189 188  59  84  74  61 181 179 178 180 178 177
 190 190 190 188 186 187 147  34  40 148 179 177 179 179 174 174
 187 185 186 187 186 187 185 134 138 180 181 175 176 175 174 172
 184 186 186 184 181 184 184 179 178 178 176 171 171 170 169 169
 156 159 161 159 160 161 163 157 158 158 157 155 158 164 164 171
 196 193 192 194 192 190 192 191 190 189 187 187 186 184 184 184
 196  88  45  32  32  74 134 189 189 143  77  37  30  26  64 165
 196  63  96 154 130  75  32  60  67  27  51 117 150 102  38 180
 193 131  40 180 191 190 133  26  25 102 187 184 177  55  90 180
 192 183  55  59 179 189  71  54  68  54 186 182  71  37 167 179
 191 189 164  41  48 109  26 149 155  23 101  54  32 141 180 178
 187 188 188 163  61  27  42 104 102  32  22  57 154 179 178 177
 191 188 187 186 188  67  36  70  66  44  74 178 179 177 177 175
 187 187 187 186 185  82  63 182 182  69  97 177 179 176 177 175
 187 186 186 185 184  99  48 181 181  54  98 175 176 175 174 174
 187 187 185 185 185 138  22 155 151  21 139 175 175 174 173 172
 187 186 185 184 183 182  41  72  65  38 177 175 175 174 172 171
 187 186 185 184 183 181 136  22  19 132 174 175 173 171 171 169
 186 186 185 186 185 183 181 124 122 175 174 172 172 171 170 170
 188 186 185 184 183 183 182 179 178 176 174 172 171 171 170 169
 159 163 162 160 162 162 165 159 162 160 158 159 162 165 166 171
 198 194 192 195 193 193 192 192 192 192 191 189 188 186 185 185
 200  89  44  31  29  71 135 192 194 145  76  32  24  23  61 167
 199  62  98 159 140  81  33  57  65  23  47 117 152 107  37 184
 200 136  43 185 196 196 141  29  24 105 192 189 182  56  89 186
 200 191  63  62 185 196  77  57  74  55 193 190  73  35 171 186
 202 199 171  45  53 117  29 155 166  25 107  56  32 147 187 187
 198 197 198 174  71  32  48 108 107  34  21  57 160 187 187 186
 203 198 198 197 198  77  42  74  70  52  78 189 189 189 188 186
 198 201 199 199 196  91  72 194 193  80 103 190 191 190 187 188
 203 203 201 199 198 108  56 193 193  62 105 191 192 188 187 188
 204 204 203 200 198 154  28 170 167  26 150 191 190 189 188 189
 206 206 204 202 200 200  51  83  75  42 191 192 190 188 188 188
 208 206 205 203 203 201 153  29  22 146 192 192 191 189 188 186
 207 207 206 205 204 203 200 139 133 194 193 190 190 189 189 188
 208 208 206 205 205 204 203 198 197 194 194 191 191 191 189 188

 183 196 182 194 192 192 190 187 185 185 181 180 177 174 172 169
 178 197  90  67 121 184 189 187 189 185 181 180 178 174 174 169
 176 200  48 118  71  65 159 189 189 186 182 180 180 179 175 170
 174 204  53 167 187  87  60 171 188 185 183 183 178 179 176 171
 170 201  62 138 196 192  66  81 190 187 186 185 179 177 175 171
 174 202  97  76 198 197 120  41 102 120 119 152 181 179 181 176
 175 207 162  50 130  75  41  46  61  82  68  35  61 148 180 178
 173 209 207  89  41  90 166 114  87 188 184 156  74  40 138 178
 174 210 207  81  48  82 166 119  86 192 189 166  84  34 134 179
 179 208 153  55 151  89  51  65  59  84  65  35  59 147 185 184
 179 209  99  99 204 202 126  46  83  95 110 150 188 187 187 184
 176 211  57 153 206 192  67  90 199 196 191 192 189 186 186 181
 180 213  64 173 196  83  69 177 196 197 193 192 190 188 187 184
 179 208  76 120  65  83 181 199 197 196 194 194 190 190 186 186
 177 209 115  88 155 198 202 200 200 196 194 193 192 190 185 186
 175 212 213 208 208 206 205 196 199 193 194 191 192 190 187 184
 171 184 165 180 180 179 178 177 175 175 174 172 171 169 170 169
 164 184  64  38  90 167 180 178 177 177 174 173 172 171 170 170
 164 184  26 102  55  37 141 179 177 176 175 174 174 171 171 171
 158 186  30 150 177  71  32 154 179 179 176 175 175 173 172 171
 155 187  37 117 184 182  54  57 178 177 175 175 175 175 172 172
 157 187  77  51 187 186 101  22  74  97  98 139 177 174 174 174
 158 189 143  27 102  54  23  32  44  69  54  21  38 132 175 176
 158 190 189  67  25  68 155 102  66 182 181 151  65  19 122 178
 157 191 189  60  26  54 149 104  70 182 181 155  72  22 124 179
 163 192 134  32 133  71  26  42  36  63  48  22  41 136 181 182
 161 190  74  75 190 189 109  27  67  82  99 138 182 181 183 183
 160 192  32 130 191 179  48  61 188 185 184 185 183 183 185 183
 159 194  32 154 180  59  41 163 186 186 185 185 184 184 186 184
 161 192  45  96  40  55 164 188 187 187 186 185 185 185 185 185
 159 193  88  63 131 183 189 188 188 187 186 187 186 186 186 186
 156 196 196 196 193 192 191 187 191 187 187 187 187 187 186 188
 171 185 167 184 186 186 187 186 186 188 188 189 188 186 188 188
 166 185  61  37  89 171 187 187 188 187 187 188 188 188 189 189
 165 186  23 107  56  35 147 187 189 190 188 189 188 189 189 191
 162 188  24 152 182  73  32 160 189 191 192 190 190 191 190 191
 159 189  32 117 189 190  56  57 189 190 191 191 192 192 190 191
 158 191  76  47 192 193 107  21  78 103 105 150 191 192 193 194
 160 192 145  23 105  55  25  34  52  80  62  26  42 146 194 194
 162 192 194  65  24  74 166 107  70 193 193 167  75  22 133 197
 159 192 192  57  29  57 155 108  74 194 193 170  83  29 139 198
 165 192 135  33 141  77  29  48  42  72  56  28  51 153 200 203
 162 193  71  81 196 196 117  32  77  91 108 154 200 201 203 204
 162 193  29 140 196 185  53  71 198 196 198 198 200 203 204 205
 160 195  31 159 185  62  45 174 197 199 199 200 202 203 205 205
 162 192  44  98  43  63 171 198 198 199 201 203 204 205 206 206
 163 194  89  62 136 191 199 197 198 201 203 204 206 206 207 208
 159 198 200 199 200 200 202 198 203 198 203 204 206 208 207 208

