 161 162 161 164 166 166 169 170 173 173 174 176 175 175 176 152
 164 169 167 170 175 175 174 176 179 179 181 178 178 180 179 154
 167 169 170 173 175 105 151 178 180 174 179 182 184 184 184 155
 173 174 173 176 146  73 149 160 127  76 176 184 187 187 185 150
 174 171 175 162  80 171 180 169 105 172 185 180 187 188 188 159
 174 177 161  73 103 160 158  95 143 167 164  86 145 190 188 164
 178 159 140 117 105 184 187  89 155 188 189  90 154 192 193 165
 178 181 183 124  87 142 130  55 114 168 168  93 165 195 192 159
 182 182 186 158 162 126  88 155 137 191 193 178 123 195 197 165
 184 186 177 141 125 159 163  86 170 129 173 107 161 197 198 166
 183 186 169 188 180 120  93 142 128 112 134 189 198 197 199 160
 188 188 177 137 116 163 182  88  68 182  88 174 200 201 202 159
 184 179 173 191 190 145 108 163 108 169 175  85 157 201 202 163
 188 188 176 142 133 161 196 198  82 190 202 187  93 117 203 168
 185 182 165 193 193 196 159 113 129 200 203 206 205 196 206 152
 184 188 191 192 192 194 195 198 196 198 202 203 203 203 204 142
 162 163 163 164 166 167 167 168 169 170 169 170 172 171 171 136
 163 167 167 167 167 168 170 169 171 171 171 173 173 173 173 140
 165 166 168 169 170  86 144 170 173 167 173 174 175 175 174 140
 167 167 169 170 129  57 135 137 102  51 168 175 176 177 176 140
 169 169 171 150  56 169 172 157  84 166 177 168 177 178 179 142
 171 172 150  46  90 141 142  68 125 145 144  59 130 180 180 145
 172 150 124  96  99 178 178  65 145 179 180  69 143 182 182 146
 174 174 176 103  71 119 105  35  94 145 148  64 152 183 183 140
 175 176 177 144 152 102  63 143 115 182 184 167 101 184 184 144
 177 177 164 118 101 147 148  63 154 110 159  75 145 187 187 146
 177 179 158 180 170  97  73 121 114  89 113 180 186 188 189 143
 179 180 164 111  91 151 168  63  47 170  62 163 189 189 189 137
 179 172 159 182 179 125  74 148  85 158 156  58 142 190 190 141
 179 180 165 121 105 145 188 189  55 179 189 170  68  90 189 148
 179 173 151 184 186 188 140  85 108 188 190 191 191 180 190 133
 180 181 184 183 184 187 187 188 187 189 189 189 189 191 191 119
 176 177 177 178 180 180 183 185 187 187 189 189 190 190 190 155
 175 178 180 181 183 183 186 188 187 188 189 190 191 192 192 157
 178 178 180 181 182  87 160 187 187 180 191 192 192 192 193 157
 180 181 180 181 134  62 144 149 107  58 184 192 191 193 193 153
 179 180 181 157  58 182 186 167  91 181 190 182 192 192 194 153
 179 182 156  43  95 147 149  71 135 152 155  63 143 193 193 157
 181 155 131 100 110 186 187  67 159 190 190  72 156 193 195 157
 181 182 185 105  77 125 111  34 102 153 153  69 165 193 193 149
 181 182 185 148 160 101  62 154 124 190 192 175 108 195 194 152
 180 184 170 121 100 154 152  70 163 122 165  79 155 196 196 155
 179 183 160 185 174  95  72 126 125  93 121 188 195 194 196 150
 181 184 166 109  90 155 174  61  50 177  66 170 196 196 197 142
 180 172 162 186 183 123  72 153  88 167 160  60 148 194 195 143
 182 182 166 117 104 148 192 191  52 186 194 173  70  97 195 149
 181 173 150 186 187 188 140  82 110 192 194 194 194 185 196 135
 180 182 183 185 185 188 188 191 191 191 193 193 193 195 194 122

 152 154 155 150 159 164 165 159 165 166 160 159 163 168 152 142
 176 179 184 185 188 188 193 192 197 198 199 202 202 203 206 204
 175 180 184 187 188 190 192 195 195 197 197 201 201 117 196 203
 175 178 184 187 187 145 154 165 123 161 198 200 157  93 205 203
 176 178 182 184 180  86  90  93 178 107 189 174  85 187 206 203
 174 181 179 176 185 164 189 168 193 173 134  88 175 202 203 202
 173 179 174  76 172 167 188 168 191 129 112 182 169 190 200 198
 173 179 180 127 105 143 155 114 137 170 128  68 108  82 129 196
 170 176 178 160 169  95  89  55 155  86 142  88 163 198 113 198
 169 174 151 149 180 158 187 130  88 163  93 182 108 196 159 195
 166 175 105  73 171 160 184 142 126 159 120 163 145 161 196 194
 166 175 175 146  80 103 105  87 162 125 180 116 190 133 193 192
 164 170 173 176 162  73 117 124 158 141 188 137 191 142 193 192
 161 167 170 173 175 161 140 183 186 177 169 177 173 176 165 191
 162 169 169 174 171 177 159 181 182 186 186 188 179 188 182 188
 161 164 167 173 174 174 178 178 182 184 183 188 184 188 185 184
 136 140 140 140 142 145 146 140 144 146 143 137 141 148 133 119
 171 173 174 176 179 180 182 183 184 187 189 189 190 189 190 191
 171 173 175 177 178 180 182 183 184 187 188 189 190  90 180 191
 172 173 175 176 177 130 143 152 101 145 186 189 142  68 191 189
 170 173 174 175 168  59  69  64 167  75 180 163  58 170 191 189
 169 171 173 168 177 144 180 148 184 159 113  62 156 189 190 189
 170 171 167  51 166 145 179 145 182 110  89 170 158 179 188 189
 169 171 173 102  84 125 145  94 115 154 114  47  85  55 108 187
 168 169 170 137 157  68  65  35 143  63 121  63 148 189  85 188
 167 170 144 135 172 142 178 105  63 148  73 168  74 188 140 187
 167 168  86  57 169 141 178 119 102 147  97 151 125 145 188 187
 166 167 170 129  56  90  99  71 152 101 170  91 179 105 186 184
 164 167 169 170 150  46  96 103 144 118 180 111 182 121 184 183
 163 167 168 169 171 150 124 176 177 164 158 164 159 165 151 184
 163 167 166 167 169 172 150 174 176 177 179 180 172 180 173 181
 162 163 165 167 169 171 172 174 175 177 177 179 179 179 179 180
 155 157 157 153 153 157 157 149 152 155 150 142 143 149 135 122
 190 192 193 193 194 193 195 193 194 196 196 197 195 195 196 194
 190 192 192 193 192 193 193 193 195 196 194 196 194  97 185 195
 190 191 192 191 192 143 156 165 108 155 195 196 148  70 194 193
 189 190 192 192 182  63  72  69 175  79 188 170  60 173 194 193
 189 189 191 184 190 155 190 153 192 165 121  66 160 194 194 193
 187 188 180  58 181 152 190 153 190 122  93 177 167 186 192 191
 187 187 187 107  91 135 159 102 124 163 125  50  88  52 110 191
 185 188 187 149 167  71  67  34 154  70 126  61 153 191  82 191
 183 186 160 144 186 149 187 111  62 152  72 174  72 192 140 188
 180 183  87  62 182 147 186 125 101 154  95 155 123 148 188 188
 180 183 182 134  58  95 110  77 160 100 174  90 183 104 187 185
 178 181 181 181 157  43 100 105 148 121 185 109 186 117 186 185
 177 180 180 180 181 156 131 185 185 170 160 166 162 166 150 183
 177 178 178 181 180 182 155 182 182 184 183 184 172 182 173 182
 176 175 178 180 179 179 181 181 181 180 179 181 180 182 181 180

 142 204 203 203 203 202 198 196 198 195 194 192 192 191 188 184
 152 206 196 205 206 203 200 129 113 159 196 193 193 165 182 185
 168 203 117  93 187 202 190  82 198 196 161 133 142 176 188 188
 163 202 201 157  85 175 169 108 163 108 145 190 191 173 179 184
 159 202 201 200 174  88 182  68  88 182 163 116 137 177 188 188
 160 199 197 198 189 134 112 128 142  93 120 180 188 169 186 183
 166 198 197 161 107 173 129 170  86 163 159 125 141 177 186 184
 165 197 195 123 178 193 191 137 155  88 126 162 158 186 182 182
 159 192 195 165  93 168 168 114  55 130 142  87 124 183 181 178
 165 193 192 154  90 189 188 155  89 187 184 105 117 140 159 178
 164 188 190 145  86 164 167 143  95 158 160 103  73 161 177 174
 159 188 188 187 180 185 172 105 169 180 171  80 162 175 171 174
 150 185 187 187 184 176  76 127 160 149  73 146 176 173 174 173
 155 184 184 184 182 179 174 180 178 151 105 175 173 170 169 167
 154 179 180 178 178 181 179 179 176 174 175 175 170 167 169 164
 152 176 175 175 176 174 173 173 170 169 166 166 164 161 162 161
 119 191 191 189 189 189 189 187 188 187 187 184 183 184 181 180
 133 190 180 191 191 190 188 108  85 140 188 186 184 151 173 179
 148 189  90  68 170 189 179  55 189 188 145 105 121 165 180 179
 141 190 190 142  58 156 158  85 148  74 125 179 182 159 172 179
 137 189 189 189 163  62 170  47  63 168 151  91 111 164 180 179
 143 189 188 186 180 113  89 114 121  73  97 170 180 158 179 177
 146 187 187 145  75 159 110 154  63 148 147 101 118 164 177 177
 144 184 184 101 167 184 182 115 143  63 102 152 144 177 176 175
 140 183 183 152  64 148 145  94  35 105 119  71 103 176 174 174
 146 182 182 143  69 180 179 145  65 178 178  99  96 124 150 172
 145 180 180 130  59 144 145 125  68 142 141  90  46 150 172 171
 142 179 178 177 168 177 166  84 157 172 169  56 150 171 169 169
 140 176 177 176 175 168  51 102 137 135  57 129 170 169 167 167
 140 174 175 175 174 173 167 173 170 144  86 170 169 168 166 165
 140 173 173 173 173 171 171 171 169 170 168 167 167 167 167 163
 136 171 171 172 170 169 170 169 168 167 167 166 164 163 163 162
 122 194 195 193 193 193 191 191 191 188 188 185 185 183 182 180
 135 196 185 194 194 194 192 110  82 140 188 187 186 150 173 181
 149 195  97  70 173 194 186  52 191 192 148 104 117 166 182 182
 143 195 194 148  60 160 167  88 153  72 123 183 186 162 172 180
 142 197 196 196 170  66 177  50  61 174 155  90 109 166 184 181
 150 196 194 195 188 121  93 125 126  72  95 174 185 160 183 179
 155 196 196 155  79 165 122 163  70 152 154 100 121 170 184 180
 152 194 195 108 175 192 190 124 154  62 101 160 148 185 182 181
 149 193 193 165  69 153 153 102  34 111 125  77 105 185 182 181
 157 195 193 156  72 190 190 159  67 187 186 110 100 131 155 181
 157 193 193 143  63 155 152 135  71 149 147  95  43 156 182 179
 153 194 192 192 182 190 181  91 167 186 182  58 157 181 180 179
 153 193 193 191 192 184  58 107 149 144  62 134 181 180 181 180
 157 193 192 192 192 191 180 187 187 160  87 182 181 180 178 178
 157 192 192 191 190 189 188 187 188 186 183 183 181 180 178 175
 155 190 190 190 189 189 187 187 185 183 180 180 178 177 177 176

 184 185 188 184 188 183 184 182 178 178 174 174 173 167 164 161
 188 182 188 179 188 186 186 182 181 159 177 171 174 169 169 162
 191 165 176 173 177 169 177 186 183 140 161 175 173 170 167 161
 192 193 142 191 137 188 141 158 124 117  73 162 176 173 170 164
 192 193 133 190 116 180 125 162  87 105 103  80 146 175 175 166
 194 196 161 145 163 120 159 126 142 184 160 171  73 105 175 166
 195 159 196 108 182  93 163  88 130 187 158 180 149 151 174 169
 198 113 198 163  88 142  86 155  55  89  95 169 160 178 176 170
 196 129  82 108  68 128 170 137 114 155 143 105 127 180 179 173
 198 200 190 169 182 112 129 191 168 188 167 172  76 174 179 173
 202 203 202 175  88 134 173 193 168 189 164 185 176 179 181 174
 203 206 187  85 174 189 107 178  93  90  86 180 184 182 178 176
 203 205  93 157 200 198 161 123 165 154 145 187 187 184 178 175
 203 196 117 201 201 197 197 195 195 192 190 188 187 184 180 175
 204 206 203 202 202 199 198 197 192 193 188 188 185 184 179 176
 142 152 168 163 159 160 166 165 159 165 164 159 150 155 154 152
 180 179 179 179 179 177 177 175 174 172 171 169 167 165 163 162
 181 173 180 172 180 179 177 176 174 150 172 169 167 166 167 163
 184 151 165 159 164 158 164 177 176 124 150 171 169 168 167 163
 183 184 121 182 111 180 118 144 103  96  46 150 170 169 167 164
 184 186 105 179  91 170 101 152  71  99  90  56 129 170 167 166
 187 188 145 125 151  97 147 102 119 178 141 169  57  86 168 167
 187 140 188  74 168  73 148  63 105 178 142 172 135 144 170 167
 188  85 189 148  63 121  63 143  35  65  68 157 137 170 169 168
 187 108  55  85  47 114 154 115  94 145 125  84 102 173 171 169
 189 188 179 158 170  89 110 182 145 179 145 166  51 167 171 170
 189 190 189 156  62 113 159 184 148 180 144 177 168 173 171 169
 189 191 170  58 163 180  75 167  64  69  59 168 175 174 173 170
 189 191  68 142 189 186 145 101 152 143 130 177 176 175 173 172
 191 180  90 190 189 188 187 184 183 182 180 178 177 175 173 171
 191 190 189 190 189 189 187 184 183 182 180 179 176 174 173 171
 119 133 148 141 137 143 146 144 140 146 145 142 140 140 140 136
 180 181 182 180 181 179 180 181 181 181 179 179 180 178 175 176
 182 173 182 172 184 183 184 182 182 155 182 180 181 178 178 177
 183 150 166 162 166 160 170 185 185 131 156 181 180 180 180 177
 185 186 117 186 109 185 121 148 105 100  43 157 181 181 181 178
 185 187 104 183  90 174 100 160  77 110  95  58 134 182 183 180
 188 188 148 123 155  95 154 101 125 186 147 182  62  87 183 180
 188 140 192  72 174  72 152  62 111 187 149 186 144 160 186 183
 191  82 191 153  61 126  70 154  34  67  71 167 149 187 188 185
 191 110  52  88  50 125 163 124 102 159 135  91 107 187 187 187
 191 192 186 167 177  93 122 190 153 190 152 181  58 180 188 187
 193 194 194 160  66 121 165 192 153 190 155 190 184 191 189 189
 193 194 173  60 170 188  79 175  69  72  63 182 192 192 190 189
 193 194  70 148 196 195 155 108 165 156 143 192 191 192 191 190
 195 185  97 194 196 194 196 195 193 193 193 192 193 192 192 190
 194 196 195 195 197 196 196 194 193 195 193 194 193 193 192 190
 122 135 149 143 142 150 155 152 149 157 157 153 153 157 157 155

