 169 173 174 173 176 175 180 179 179 178 181 183 180 181 181 178
 173 179 177 179 180 183 184 183 180 179 183 185 185 186 184 181
 174 180 180 180 181 182 182 184 184 182 183 185 186 184 182 183
 172 179 182 181 184 181 182 186 187 185 187 186 185 186 183 184
 175 180 183 184 184 184 185 186 185 188 186 187 185 186 185 186
 172 184 184 182 186 187 189 189 185 188 189 186 186 190 187 185
 174 184 186 186 187 187 189 189 186 187 188 188 188 189 189 185
 176 186 186 188 189 186 188 189 187 189 190 191 193 191 191 188
 180 189 187 188 190 188 189 190 188 188 190 191 193 191 192 190
 181 191 189 188 192 192 189 190 187 189 193 193 194 194 193 193
 127 140 138 141 139 174 191 191 190 191 185 132 135 129 127 125
  38  43  39  39  41 136 190 189 191 192 167  41  40  40  40  38
  35  35  34  35  35 139 189 190 190 191 169  35  34  35  34  34
  32  30  31  33  35 140 191 190 191 192 168  37  36  34  35  34
  35  33  36  33  37 142 191 191 191 193 170  39  36  36  33  34
  31  29  31  32  36 144 191 194 193 192 173  40  39  38  35  35
 168 171 171 173 174 173 175 174 173 173 176 174 175 172 175 173
 169 171 172 172 172 174 174 174 173 174 174 175 174 176 175 174
 168 172 173 173 173 174 175 175 174 175 174 175 176 176 176 176
 168 171 173 174 175 176 176 177 177 176 176 177 177 177 177 176
 169 173 175 176 177 176 176 177 177 179 178 179 179 180 178 176
 168 175 176 176 178 178 178 177 176 179 180 179 179 181 180 178
 171 175 177 177 179 179 177 178 178 179 179 180 180 182 180 180
 169 177 177 178 178 178 178 180 180 180 181 182 183 182 182 180
 174 178 177 178 179 179 179 181 179 180 182 182 182 183 183 181
 173 179 178 179 180 181 181 181 180 181 182 182 183 183 182 181
 123 133 130 132 129 164 181 182 183 182 177 124 125 121 120 116
  40  41  41  40  41 130 183 183 184 185 164  40  41  39  40  39
  38  38  39  39  38 134 183 183 184 184 166  39  38  38  37  39
  37  38  38  36  37 135 185 183 183 186 164  37  39  39  40  40
  38  39  39  37  41 136 185 184 185 186 165  37  38  39  41  40
  36  39  38  38  42 143 184 185 185 183 164  40  40  40  40  40
 168 167 170 169 170 170 170 170 168 166 167 166 166 165 165 161
 166 165 166 167 167 168 166 167 165 164 164 163 163 165 164 160
 165 166 168 169 168 168 167 168 166 166 165 165 164 164 162 160
 164 168 169 170 170 169 170 171 170 168 167 167 166 168 165 163
 168 169 171 172 172 170 170 171 170 170 168 169 170 169 168 166
 168 172 172 172 172 171 173 172 171 171 171 172 172 170 169 167
 171 174 173 173 173 173 172 172 171 173 172 172 170 169 170 169
 171 175 175 176 174 175 173 173 173 174 174 174 173 172 172 171
 173 174 176 177 175 175 174 174 172 173 172 173 173 172 171 170
 175 175 177 176 176 175 175 175 174 173 174 172 173 171 171 169
 124 132 130 128 126 159 177 177 178 176 168 117 117 111 112 109
  45  43  44  43  45 131 180 181 180 178 157  43  43  41  41  41
  45  44  44  44  45 138 183 185 182 181 161  44  43  40  38  39
  46  44  45  41  45 139 182 183 184 182 161  43  43  40  40  40
  47  46  45  43  47 136 181 180 180 182 160  43  44  43  40  40
  45  45  45  45  46 141 181 180 181 179 161  46  46  42  39  42

 178 181 183 184 186 185 185 188 190 193 125  38  34  34  34  35
 181 184 182 183 185 187 189 191 192 193 127  40  34  35  33  35
 181 186 184 186 186 190 189 191 191 194 129  40  35  34  36  38
 180 185 186 185 185 186 188 193 193 194 135  40  34  36  36  39
 183 185 185 186 187 186 188 191 191 193 132  41  35  37  39  40
 181 183 183 187 186 189 188 190 190 193 185 167 169 168 170 173
 178 179 182 185 188 188 187 189 188 189 191 192 191 192 193 192
 179 180 184 187 185 185 186 187 188 187 190 191 190 191 191 193
 179 183 184 186 186 189 189 189 190 190 191 189 190 190 191 194
 180 184 182 182 185 189 189 188 189 189 191 190 189 191 191 191
 175 183 182 181 184 187 187 186 188 192 174 136 139 140 142 144
 176 180 181 184 184 186 187 189 190 192 139  41  35  35  37  36
 173 179 180 181 184 182 186 188 188 188 141  39  35  33  33  32
 174 177 180 182 183 184 186 186 187 189 138  39  34  31  36  31
 173 179 180 179 180 184 184 186 189 191 140  43  35  30  33  29
 169 173 174 172 175 172 174 176 180 181 127  38  35  32  35  31
 173 174 176 176 176 178 180 180 181 181 116  39  39  40  40  40
 175 175 176 177 178 180 180 182 183 182 120  40  37  40  41  40
 172 176 176 177 180 181 182 182 183 183 121  39  38  39  39  40
 175 174 176 177 179 179 180 183 182 183 125  41  38  39  38  40
 174 175 175 177 179 179 180 182 182 182 124  40  39  37  37  40
 176 174 174 176 178 180 179 181 182 182 177 164 166 164 165 164
 173 174 175 176 179 179 179 180 180 181 182 185 184 186 186 183
 173 173 174 177 177 176 178 180 179 180 183 184 184 183 185 185
 174 174 175 177 177 177 178 180 181 181 182 183 183 183 184 185
 175 174 175 176 176 178 177 178 179 181 181 183 183 185 185 184
 173 174 174 176 176 178 179 178 179 181 164 130 134 135 136 143
 174 172 173 175 177 178 179 178 179 180 129  41  38  37  41  42
 173 172 173 174 176 176 177 178 178 179 132  40  39  36  37  38
 171 172 173 173 175 176 177 177 177 178 130  41  39  38  39  38
 171 171 172 171 173 175 175 177 178 179 133  41  38  38  39  39
 168 169 168 168 169 168 171 169 174 173 123  40  38  37  38  36
 161 160 160 163 166 167 169 171 170 169 109  41  39  40  40  42
 165 164 162 165 168 169 170 172 171 171 112  41  38  40  40  39
 165 165 164 168 169 170 169 172 172 171 111  41  40  40  43  42
 166 163 164 166 170 172 170 173 173 173 117  43  43  43  44  46
 166 163 165 167 169 172 172 174 173 172 117  43  44  43  43  46
 167 164 165 167 168 171 172 174 172 174 168 157 161 161 160 161
 166 164 166 168 170 171 173 174 173 173 176 178 181 182 182 179
 168 165 166 170 170 171 171 173 172 174 178 180 182 184 180 181
 170 167 168 171 171 172 172 173 174 175 177 181 185 183 180 180
 170 166 167 170 170 173 172 173 174 175 177 180 183 182 181 181
 170 168 168 169 170 171 173 175 175 175 159 131 138 139 136 141
 170 167 168 170 172 172 173 174 175 176 126  45  45  45  47  46
 169 167 169 170 172 172 173 176 177 176 128  43  44  41  43  45
 170 166 168 169 171 172 173 175 176 177 130  44  44  45  45  45
 167 165 166 168 169 172 174 175 174 175 132  43  44  44  46  45
 168 166 165 164 168 168 171 171 173 175 124  45  45  46  47  45

  35  35  38  39  40 173 192 193 194 191 144  36  32  31  29  31
  34  33  36  36  39 170 193 191 191 191 142  37  33  36  33  35
  34  35  34  36  37 168 192 191 190 191 140  35  33  31  30  32
  34  34  35  34  35 169 191 190 190 189 139  35  35  34  35  35
  38  40  40  40  41 167 192 191 189 190 136  41  39  39  43  38
 125 127 129 135 132 185 191 190 191 191 174 139 141 138 140 127
 193 193 194 194 193 193 189 187 190 189 192 192 188 189 191 181
 190 192 191 193 191 190 188 188 190 189 188 190 188 187 189 180
 188 191 191 193 191 190 189 187 189 188 186 189 188 186 186 176
 185 189 189 188 188 188 187 186 189 189 187 187 186 186 184 174
 185 187 190 186 186 189 188 185 189 189 187 186 182 184 184 172
 186 185 186 185 187 186 188 185 186 185 184 184 184 183 180 175
 184 183 186 185 186 187 185 187 186 182 181 184 181 182 179 172
 183 182 184 186 185 183 182 184 184 182 182 181 180 180 180 174
 181 184 186 185 185 183 179 180 183 184 183 180 179 177 179 173
 178 181 181 180 183 181 178 179 179 180 175 176 173 174 173 169
  40  40  40  40  40 164 183 185 185 184 143  42  38  38  39  36
  40  41  39  38  37 165 186 185 184 185 136  41  37  39  39  38
  40  40  39  39  37 164 186 183 183 185 135  37  36  38  38  37
  39  37  38  38  39 166 184 184 183 183 134  38  39  39  38  38
  39  40  39  41  40 164 185 184 183 183 130  41  40  41  41  40
 116 120 121 125 124 177 182 183 182 181 164 129 132 130 133 123
 181 182 183 183 182 182 181 180 181 181 181 180 179 178 179 173
 181 183 183 182 182 182 180 179 181 179 179 179 178 177 178 174
 180 182 182 183 182 181 180 180 180 178 178 178 178 177 177 169
 180 180 182 180 180 179 179 178 178 177 179 179 177 177 175 171
 178 180 181 179 179 180 179 176 177 178 178 178 176 176 175 168
 176 178 180 179 179 178 179 177 177 176 176 177 176 175 173 169
 176 177 177 177 177 176 176 177 177 176 176 175 174 173 171 168
 176 176 176 176 175 174 175 174 175 175 174 173 173 173 172 168
 174 175 176 174 175 174 174 173 174 174 174 172 172 172 171 169
 173 175 172 175 174 176 173 173 174 175 173 174 173 171 171 168
  42  39  42  46  46 161 179 181 180 181 141  46  45  45  45  45
  40  40  43  44  43 160 182 180 180 181 136  47  43  45  46  47
  40  40  40  43  43 161 182 184 183 182 139  45  41  45  44  46
  39  38  40  43  44 161 181 182 185 183 138  45  44  44  44  45
  41  41  41  43  43 157 178 180 181 180 131  45  43  44  43  45
 109 112 111 117 117 168 176 178 177 177 159 126 128 130 132 124
 169 171 171 173 172 174 173 174 175 175 175 176 176 177 175 175
 170 171 172 173 173 172 173 172 174 174 175 175 177 176 174 173
 171 172 172 173 174 174 174 173 173 173 175 174 176 175 175 171
 169 170 169 170 172 172 173 171 172 172 173 173 173 173 174 171
 167 169 170 172 172 171 171 171 172 173 171 172 172 172 172 168
 166 168 169 170 169 168 170 170 171 170 170 172 172 171 169 168
 163 165 168 166 167 167 168 170 171 170 169 170 170 169 168 164
 160 162 164 164 165 165 166 166 168 167 168 168 169 168 166 165
 160 164 165 163 163 164 164 165 167 166 168 167 167 166 165 166
 161 165 165 166 166 167 166 168 170 170 170 170 169 170 167 168

  31  35  32  35  38 127 181 180 176 174 172 175 172 174 173 169
  29  33  30  35  43 140 191 189 186 184 184 180 179 180 179 173
  31  36  31  34  39 138 189 187 186 186 184 183 182 180 177 174
  32  33  33  35  39 141 188 188 188 186 182 184 181 180 179 173
  36  37  35  35  41 139 192 190 189 187 186 184 184 181 180 176
 144 142 140 139 136 174 192 188 186 187 187 184 181 182 183 175
 191 191 191 189 190 191 189 189 188 189 189 185 182 182 184 180
 194 191 190 190 189 191 190 190 189 189 189 186 186 184 183 179
 193 191 191 190 191 190 187 188 187 186 185 185 187 184 180 179
 192 193 192 191 192 191 189 188 189 187 188 188 185 182 179 178
 173 170 168 169 167 185 193 190 190 188 189 186 187 183 183 181
  40  39  37  35  41 132 193 191 191 188 186 187 186 185 185 183
  39  36  36  34  40 135 194 193 193 188 186 185 185 186 185 180
  38  36  34  35  40 129 194 191 191 189 190 186 186 184 186 181
  35  33  35  34  40 127 193 192 191 189 187 185 183 182 184 181
  35  34  34  34  38 125 193 190 188 185 185 186 184 183 181 178
  36  38  37  38  40 123 173 174 169 171 168 169 168 168 169 168
  39  39  38  38  41 133 179 178 177 175 175 173 171 172 171 171
  38  39  38  39  41 130 178 177 177 177 176 175 173 173 172 171
  38  37  36  39  40 132 179 178 178 177 176 176 174 173 172 173
  42  41  37  38  41 129 180 179 178 179 178 177 175 173 172 174
 143 136 135 134 130 164 181 179 178 179 178 176 176 174 174 173
 184 185 185 183 183 181 181 179 178 177 178 176 176 175 174 175
 185 184 183 183 183 182 181 181 180 178 177 177 177 175 174 174
 185 185 183 184 184 183 180 179 180 178 176 177 177 174 173 173
 183 186 186 184 185 182 181 180 180 179 179 179 176 175 174 173
 164 165 164 166 164 177 182 182 181 179 180 178 176 174 174 176
  40  37  37  39  40 124 182 182 182 180 179 179 177 175 175 174
  40  38  39  38  41 125 183 182 183 180 179 179 177 176 174 175
  40  39  39  38  39 121 183 183 182 182 181 180 177 176 176 172
  40  41  40  37  40 120 182 183 182 180 180 178 177 176 175 175
  40  40  40  39  39 116 181 181 180 180 178 176 176 176 174 173
  45  47  46  45  45 124 175 173 171 171 168 168 164 165 166 168
  45  46  44  44  43 132 175 174 175 174 172 169 168 166 165 167
  45  45  45  44  44 130 177 176 175 173 172 171 169 168 166 170
  45  43  41  44  43 128 176 177 176 173 172 172 170 169 167 169
  46  47  45  45  45 126 176 175 174 173 172 172 170 168 167 170
 141 136 139 138 131 159 175 175 175 173 171 170 169 168 168 170
 181 181 182 183 180 177 175 174 173 172 173 170 170 167 166 170
 180 180 183 185 181 177 175 174 173 172 172 171 171 168 167 170
 181 180 184 182 180 178 174 172 173 171 171 170 170 166 165 168
 179 182 182 181 178 176 173 173 174 173 171 170 168 166 164 166
 161 160 161 161 157 168 174 172 174 172 171 168 167 165 164 167
  46  43  43  44  43 117 172 173 174 172 172 169 167 165 163 166
  46  44  43  43  43 117 173 173 173 170 172 170 166 164 163 166
  42  43  40  40  41 111 171 172 172 169 170 169 168 164 165 165
  39  40  40  38  41 112 171 171 172 170 169 168 165 162 164 165
  42  40  40  39  41 109 169 170 171 169 167 166 163 160 160 161

