 189 181 184 184 184 181 178 180 177 171 172 176 173 169 168 162
 187 187 188 186 184 184 181 132  82 174 176 175 175 171 168 166
 189 191 190 189 182 183 130  84 140  79 169 175 173 171 170 163
 189 189 189 191 187 132  98 177 177 150  85 171 172 169 169 163
 189 187 189 188 127  98 188 184 182 179 149  75 169 172 167 160
 189 189 189 148  37  78 150 184 183 181  83  47  81 171 171 165
 192 192 192 187 188 159 109 185 184 180  79 182 176 173 170 168
 196 195 193 186 187 158 111 184 182 177  76 176 172 172 167 163
 193 195 193 189 187 159 106 185 181 178  75 177 172 170 168 165
 189 189 192 190 186 156  76 130 118 118  74 179 175 174 169 162
 191 189 191 191 186 179 145 136 127 137 152 178 175 172 166 156
 194 190 187 188 185 182 130  66  62  76 157 174 172 171 169 161
 193 192 189 185 186 155  88 182 180 151  88 174 173 171 167 164
 189 191 190 189 187 138  99 177 177 168  80 172 169 169 169 161
 183 189 189 189 187 180  83  96 114  72 140 171 166 165 165 162
 184 185 186 185 182 178 180 156 142 166 172 168 165 166 163 159
 192 190 190 188 188 187 185 185 184 180 179 178 176 174 173 170
 191 190 190 189 187 187 186 137  86 177 180 177 178 176 172 171
 192 193 191 189 188 186 136  91 145  83 174 177 176 176 173 169
 193 192 192 190 189 135  98 184 183 155  86 174 176 175 173 168
 193 193 193 191 133  97 186 187 184 183 152  77 171 174 173 167
 193 193 192 156  46  82 148 185 185 183  87  50  83 174 172 169
 194 193 192 191 190 159 111 187 184 181  79 180 177 174 171 169
 196 192 191 190 189 161 114 186 186 182  82 178 176 173 171 168
 193 192 191 189 187 161 109 187 184 182  79 179 175 173 171 168
 193 192 191 189 188 162  82 136 123 122  75 179 174 173 171 168
 194 192 190 189 188 183 147 137 127 137 149 176 173 171 170 167
 193 191 189 189 188 186 135  65  67  79 160 173 171 169 168 166
 192 193 190 188 188 160  91 178 180 152  90 173 173 170 166 165
 192 190 189 188 185 141 105 181 178 169  84 173 171 168 167 164
 190 190 190 188 185 181  87 102 119  78 139 172 170 169 165 162
 189 185 186 187 184 181 180 157 141 166 174 170 168 167 166 163
 198 198 197 195 194 193 190 191 190 187 184 184 182 176 176 174
 196 197 198 197 194 192 190 145  94 183 184 183 181 178 175 174
 199 199 197 198 194 191 143  99 155  93 179 183 181 178 175 171
 199 198 197 196 195 148 112 189 190 164  95 179 179 178 176 173
 200 198 196 196 142 109 190 192 190 186 157  85 173 179 177 172
 201 198 197 162  59  91 154 191 191 188  93  59  88 176 176 173
 203 199 197 195 195 169 119 192 189 188  85 183 180 176 172 171
 200 198 195 194 193 166 121 190 188 183  85 177 177 174 172 168
 197 196 196 194 192 168 116 190 186 184  82 175 174 174 173 171
 196 195 194 194 191 167  89 141 129 129  78 175 173 172 169 169
 195 194 193 192 190 184 151 143 135 142 150 175 175 172 168 167
 196 193 192 190 189 187 140  75  76  84 161 174 170 172 170 167
 193 191 191 189 189 161  93 180 181 154  92 172 171 171 168 167
 189 189 189 189 187 143 106 177 179 171  89 173 169 170 169 165
 190 186 184 185 187 183  91 102 120  80 135 171 169 166 165 164
 189 185 182 182 183 181 180 158 143 164 170 169 167 165 162 162

 162 166 163 163 160 165 168 163 165 162 156 161 164 161 162 159
 168 168 170 169 167 171 170 167 168 169 166 169 167 169 165 163
 169 171 171 169 172 171 173 172 170 174 172 171 171 169 165 166
 173 175 173 172 169  81 176 172 172 175 175 172 173 169 166 165
 176 175 175 171  75  47 182 176 177 179 178 174 174 172 171 168
 172 176 169  85 149  83  79  76  75  74 152 157  88  80 140 172
 171 174  79 150 179 181 180 177 178 118 137  76 151 168  72 166
 177  82 140 177 182 183 184 182 181 118 127  62 180 177 114 142
 180 132  84 177 184 184 185 184 185 130 136  66 182 177  96 156
 178 181 130  98 188 150 109 111 106  76 145 130  88  99  83 180
 181 184 183 132  98  78 159 158 159 156 179 182 155 138 180 178
 184 184 182 187 127  37 188 187 187 186 186 185 186 187 187 182
 184 186 189 191 188 148 187 186 189 190 191 188 185 189 189 185
 184 188 190 189 189 189 192 193 193 192 191 187 189 190 189 186
 181 187 191 189 187 189 192 195 195 189 189 190 192 191 189 185
 189 187 189 189 189 189 192 196 193 189 191 194 193 189 183 184
 170 171 169 168 167 169 169 168 168 168 167 166 165 164 162 163
 173 172 173 173 173 172 171 171 171 171 170 168 166 167 165 166
 174 176 176 175 174 174 174 173 173 173 171 169 170 168 169 167
 176 178 176 176 171  83 177 176 175 174 173 171 173 171 170 168
 178 177 177 174  77  50 180 178 179 179 176 173 173 173 172 170
 179 180 174  86 152  87  79  82  79  75 149 160  90  84 139 174
 180 177  83 155 183 183 181 182 182 122 137  79 152 169  78 166
 184  86 145 183 184 185 184 186 184 123 127  67 180 178 119 141
 185 137  91 184 187 185 187 186 187 136 137  65 178 181 102 157
 185 186 136  98 186 148 111 114 109  82 147 135  91 105  87 180
 187 187 186 135  97  82 159 161 161 162 183 186 160 141 181 181
 188 187 188 189 133  46 190 189 187 188 188 188 188 185 185 184
 188 189 189 190 191 156 191 190 189 189 189 189 188 188 188 187
 190 190 191 192 193 192 192 191 191 191 190 189 190 189 190 186
 190 190 193 192 193 193 193 192 192 192 192 191 193 190 190 185
 192 191 192 193 193 193 194 196 193 193 194 193 192 192 190 189
 174 174 171 173 172 173 171 168 171 169 167 167 167 165 164 162
 176 175 175 176 177 176 172 172 173 169 168 170 168 169 165 162
 176 178 178 178 179 176 176 174 174 172 172 172 171 170 166 165
 182 181 181 179 173  88 180 177 174 173 175 170 171 169 169 167
 184 183 183 179  85  59 183 177 175 175 175 174 172 173 171 169
 184 184 179  95 157  93  85  85  82  78 150 161  92  89 135 170
 187 183  93 164 186 188 188 183 184 129 142  84 154 171  80 164
 190  94 155 190 190 191 189 188 186 129 135  76 181 179 120 143
 191 145  99 189 192 191 192 190 190 141 143  75 180 177 102 158
 190 190 143 112 190 154 119 121 116  89 151 140  93 106  91 180
 193 192 191 148 109  91 169 166 168 167 184 187 161 143 183 181
 194 194 194 195 142  59 195 193 192 191 190 189 189 187 187 183
 195 197 198 196 196 162 195 194 194 194 192 190 189 189 185 182
 197 198 197 197 196 197 197 195 196 194 193 192 191 189 184 182
 198 197 199 198 198 198 199 198 196 195 194 193 191 189 186 185
 198 196 199 199 200 201 203 200 197 196 195 196 193 189 190 189

 159 163 166 165 168 172 166 142 156 180 178 182 185 186 185 184
 162 165 165 166 171 140  72 114  96  83 180 187 189 189 189 183
 161 169 169 169 172  80 168 177 177  99 138 187 189 190 191 189
 164 167 171 173 174  88 151 180 182  88 155 186 185 189 192 193
 161 169 171 172 174 157  76  62  66 130 182 185 188 187 190 194
 156 166 172 175 178 152 137 127 136 145 179 186 191 191 189 191
 162 169 174 175 179  74 118 118 130  76 156 186 190 192 189 189
 165 168 170 172 177  75 178 181 185 106 159 187 189 193 195 193
 163 167 172 172 176  76 177 182 184 111 158 187 186 193 195 196
 168 170 173 176 182  79 180 184 185 109 159 188 187 192 192 192
 165 171 171  81  47  83 181 183 184 150  78  37 148 189 189 189
 160 167 172 169  75 149 179 182 184 188  98 127 188 189 187 189
 163 169 169 172 171  85 150 177 177  98 132 187 191 189 189 189
 163 170 171 173 175 169  79 140  84 130 183 182 189 190 191 189
 166 168 171 175 175 176 174  82 132 181 184 184 186 188 187 187
 162 168 169 173 176 172 171 177 180 178 181 184 184 184 181 189
 163 166 167 168 170 174 166 141 157 180 181 184 187 186 185 189
 162 165 169 170 172 139  78 119 102  87 181 185 188 190 190 190
 164 167 168 171 173  84 169 178 181 105 141 185 188 189 190 192
 165 166 170 173 173  90 152 180 178  91 160 188 188 190 193 192
 166 168 169 171 173 160  79  67  65 135 186 188 189 189 191 193
 167 170 171 173 176 149 137 127 137 147 183 188 189 190 192 194
 168 171 173 174 179  75 122 123 136  82 162 188 189 191 192 193
 168 171 173 175 179  79 182 184 187 109 161 187 189 191 192 193
 168 171 173 176 178  82 182 186 186 114 161 189 190 191 192 196
 169 171 174 177 180  79 181 184 187 111 159 190 191 192 193 194
 169 172 174  83  50  87 183 185 185 148  82  46 156 192 193 193
 167 173 174 171  77 152 183 184 187 186  97 133 191 193 193 193
 168 173 175 176 174  86 155 183 184  98 135 189 190 192 192 193
 169 173 176 176 177 174  83 145  91 136 186 188 189 191 193 192
 171 172 176 178 177 180 177  86 137 186 187 187 189 190 190 191
 170 173 174 176 178 179 180 184 185 185 187 188 188 190 190 192
 162 162 165 167 169 170 164 143 158 180 181 183 182 182 185 189
 164 165 166 169 171 135  80 120 102  91 183 187 185 184 186 190
 165 169 170 169 173  89 171 179 177 106 143 187 189 189 189 189
 167 168 171 171 172  92 154 181 180  93 161 189 189 191 191 193
 167 170 172 170 174 161  84  76  75 140 187 189 190 192 193 196
 167 168 172 175 175 150 142 135 143 151 184 190 192 193 194 195
 169 169 172 173 175  78 129 129 141  89 167 191 194 194 195 196
 171 173 174 174 175  82 184 186 190 116 168 192 194 196 196 197
 168 172 174 177 177  85 183 188 190 121 166 193 194 195 198 200
 171 172 176 180 183  85 188 189 192 119 169 195 195 197 199 203
 173 176 176  88  59  93 188 191 191 154  91  59 162 197 198 201
 172 177 179 173  85 157 186 190 192 190 109 142 196 196 198 200
 173 176 178 179 179  95 164 190 189 112 148 195 196 197 198 199
 171 175 178 181 183 179  93 155  99 143 191 194 198 197 199 199
 174 175 178 181 183 184 183  94 145 190 192 194 197 198 197 196
 174 176 176 182 184 184 187 190 191 190 193 194 195 197 198 198

 184 183 189 193 194 191 189 193 196 192 189 189 189 189 187 189
 185 189 191 192 190 189 189 195 195 192 189 187 189 191 187 181
 186 189 190 189 187 191 192 193 193 192 189 189 189 190 188 184
 185 189 189 185 188 191 190 189 186 187 148 188 191 189 186 184
 182 187 187 186 185 186 186 187 187 188  37 127 187 182 184 184
 178 180 138 155 182 179 156 159 158 159  78  98 132 183 184 181
 180  83  99  88 130 145  76 106 111 109 150 188  98 130 181 178
 156  96 177 182  66 136 130 185 184 185 184 184 177  84 132 180
 142 114 177 180  62 127 118 181 182 184 183 182 177 140  82 177
 166  72 168 151  76 137 118 178 177 180 181 179 150  79 174 171
 172 140  80  88 157 152  74  75  76  79  83 149  85 169 176 172
 168 171 172 174 174 178 179 177 176 182  47  75 171 175 175 176
 165 166 169 173 172 175 175 172 172 176  81 169 172 173 175 173
 166 165 169 171 171 172 174 170 172 173 171 172 169 171 171 169
 163 165 169 167 169 166 169 168 167 170 171 167 169 170 168 168
 159 162 161 164 161 156 162 165 163 168 165 160 163 163 166 162
 189 190 192 192 193 194 193 193 196 194 193 193 193 192 191 192
 185 190 190 193 191 192 192 192 192 193 193 193 192 193 190 190
 186 190 189 190 189 190 191 191 191 192 192 193 192 191 190 190
 187 188 188 188 189 189 189 189 190 191 156 191 190 189 189 188
 184 185 185 188 188 188 188 187 189 190  46 133 189 188 187 188
 181 181 141 160 186 183 162 161 161 159  82  97 135 186 187 187
 180  87 105  91 135 147  82 109 114 111 148 186  98 136 186 185
 157 102 181 178  65 137 136 187 186 187 185 187 184  91 137 185
 141 119 178 180  67 127 123 184 186 184 185 184 183 145  86 184
 166  78 169 152  79 137 122 182 182 181 183 183 155  83 177 180
 174 139  84  90 160 149  75  79  82  79  87 152  86 174 180 179
 170 172 173 173 173 176 179 179 178 180  50  77 174 177 177 178
 168 170 171 173 171 173 174 175 176 177  83 171 176 176 178 176
 167 169 168 170 169 171 173 173 173 174 174 174 175 176 176 174
 166 165 167 166 168 170 171 171 171 171 172 173 173 173 172 173
 163 162 164 165 166 167 168 168 168 169 169 167 168 169 171 170
 189 190 189 193 196 195 196 197 200 203 201 200 199 199 196 198
 185 186 189 191 193 194 195 196 198 199 198 198 198 199 197 198
 182 184 189 191 192 193 194 196 195 197 197 196 197 197 198 197
 182 185 189 189 190 192 194 194 194 195 162 196 196 198 197 195
 183 187 187 189 189 190 191 192 193 195  59 142 195 194 194 194
 181 183 143 161 187 184 167 168 166 169  91 109 148 191 192 193
 180  91 106  93 140 151  89 116 121 119 154 190 112 143 190 190
 158 102 177 180  75 143 141 190 190 192 191 192 189  99 145 191
 143 120 179 181  76 135 129 186 188 189 191 190 190 155  94 190
 164  80 171 154  84 142 129 184 183 188 188 186 164  93 183 187
 170 135  89  92 161 150  78  82  85  85  93 157  95 179 184 184
 169 171 173 172 174 175 175 175 177 183  59  85 179 183 183 184
 167 169 169 171 170 175 173 174 177 180  88 173 179 181 181 182
 165 166 170 171 172 172 172 174 174 176 176 179 178 178 178 176
 162 165 169 168 170 168 169 173 172 172 176 177 176 175 175 176
 162 164 165 167 167 167 169 171 168 171 173 172 173 171 174 174

